NMARK= 1 
MARKER_TAG= inlet 
NROW= 151 
NCOL= 6 
0.000000 0.006000 293.150000 0.000000 1.000000 0.000000 
0.000000 0.005960 293.150000 0.020101 1.000000 0.000000 
0.000000 0.005920 293.150000 0.040067 1.000000 0.000000 
0.000000 0.005880 293.150000 0.059899 1.000000 0.000000 
0.000000 0.005840 293.150000 0.079596 1.000000 0.000000 
0.000000 0.005800 293.150000 0.099159 1.000000 0.000000 
0.000000 0.005760 293.150000 0.118588 1.000000 0.000000 
0.000000 0.005720 293.150000 0.137882 1.000000 0.000000 
0.000000 0.005680 293.150000 0.157041 1.000000 0.000000 
0.000000 0.005640 293.150000 0.176067 1.000000 0.000000 
0.000000 0.005600 293.150000 0.194957 1.000000 0.000000 
0.000000 0.005560 293.150000 0.213714 1.000000 0.000000 
0.000000 0.005520 293.150000 0.232335 1.000000 0.000000 
0.000000 0.005480 293.150000 0.250823 1.000000 0.000000 
0.000000 0.005440 293.150000 0.269176 1.000000 0.000000 
0.000000 0.005400 293.150000 0.287394 1.000000 0.000000 
0.000000 0.005360 293.150000 0.305478 1.000000 0.000000 
0.000000 0.005320 293.150000 0.323427 1.000000 0.000000 
0.000000 0.005280 293.150000 0.341243 1.000000 0.000000 
0.000000 0.005240 293.150000 0.358923 1.000000 0.000000 
0.000000 0.005200 293.150000 0.376469 1.000000 0.000000 
0.000000 0.005160 293.150000 0.393881 1.000000 0.000000 
0.000000 0.005120 293.150000 0.411158 1.000000 0.000000 
0.000000 0.005080 293.150000 0.428301 1.000000 0.000000 
0.000000 0.005040 293.150000 0.445309 1.000000 0.000000 
0.000000 0.005000 293.150000 0.462183 1.000000 0.000000 
0.000000 0.004960 293.150000 0.478923 1.000000 0.000000 
0.000000 0.004920 293.150000 0.495528 1.000000 0.000000 
0.000000 0.004880 293.150000 0.511998 1.000000 0.000000 
0.000000 0.004840 293.150000 0.528334 1.000000 0.000000 
0.000000 0.004800 293.150000 0.544536 1.000000 0.000000 
0.000000 0.004760 293.150000 0.560603 1.000000 0.000000 
0.000000 0.004720 293.150000 0.576536 1.000000 0.000000 
0.000000 0.004680 293.150000 0.592334 1.000000 0.000000 
0.000000 0.004640 293.150000 0.607998 1.000000 0.000000 
0.000000 0.004600 293.150000 0.623527 1.000000 0.000000 
0.000000 0.004560 293.150000 0.638922 1.000000 0.000000 
0.000000 0.004520 293.150000 0.654183 1.000000 0.000000 
0.000000 0.004480 293.150000 0.669309 1.000000 0.000000 
0.000000 0.004440 293.150000 0.684300 1.000000 0.000000 
0.000000 0.004400 293.150000 0.699157 1.000000 0.000000 
0.000000 0.004360 293.150000 0.713880 1.000000 0.000000 
0.000000 0.004320 293.150000 0.728468 1.000000 0.000000 
0.000000 0.004280 293.150000 0.742922 1.000000 0.000000 
0.000000 0.004240 293.150000 0.757241 1.000000 0.000000 
0.000000 0.004200 293.150000 0.771426 1.000000 0.000000 
0.000000 0.004160 293.150000 0.785476 1.000000 0.000000 
0.000000 0.004120 293.150000 0.799392 1.000000 0.000000 
0.000000 0.004080 293.150000 0.813174 1.000000 0.000000 
0.000000 0.004040 293.150000 0.826821 1.000000 0.000000 
0.000000 0.004000 293.150000 0.840333 1.000000 0.000000 
0.000000 0.003960 293.150000 0.853711 1.000000 0.000000 
0.000000 0.003920 293.150000 0.866955 1.000000 0.000000 
0.000000 0.003880 293.150000 0.880064 1.000000 0.000000 
0.000000 0.003840 293.150000 0.893039 1.000000 0.000000 
0.000000 0.003800 293.150000 0.905879 1.000000 0.000000 
0.000000 0.003760 293.150000 0.918585 1.000000 0.000000 
0.000000 0.003720 293.150000 0.931157 1.000000 0.000000 
0.000000 0.003680 293.150000 0.943593 1.000000 0.000000 
0.000000 0.003640 293.150000 0.955896 1.000000 0.000000 
0.000000 0.003600 293.150000 0.968064 1.000000 0.000000 
0.000000 0.003560 293.150000 0.980098 1.000000 0.000000 
0.000000 0.003520 293.150000 0.991997 1.000000 0.000000 
0.000000 0.003480 293.150000 1.003761 1.000000 0.000000 
0.000000 0.003440 293.150000 1.015392 1.000000 0.000000 
0.000000 0.003400 293.150000 1.026887 1.000000 0.000000 
0.000000 0.003360 293.150000 1.038249 1.000000 0.000000 
0.000000 0.003320 293.150000 1.049475 1.000000 0.000000 
0.000000 0.003280 293.150000 1.060568 1.000000 0.000000 
0.000000 0.003240 293.150000 1.071526 1.000000 0.000000 
0.000000 0.003200 293.150000 1.082349 1.000000 0.000000 
0.000000 0.003160 293.150000 1.093038 1.000000 0.000000 
0.000000 0.003120 293.150000 1.103593 1.000000 0.000000 
0.000000 0.003080 293.150000 1.114013 1.000000 0.000000 
0.000000 0.003040 293.150000 1.124299 1.000000 0.000000 
0.000000 0.003000 293.150000 1.134450 1.000000 0.000000 
0.000000 0.002960 293.150000 1.144467 1.000000 0.000000 
0.000000 0.002920 293.150000 1.154349 1.000000 0.000000 
0.000000 0.002880 293.150000 1.164097 1.000000 0.000000 
0.000000 0.002840 293.150000 1.173710 1.000000 0.000000 
0.000000 0.002800 293.150000 1.183189 1.000000 0.000000 
0.000000 0.002760 293.150000 1.192534 1.000000 0.000000 
0.000000 0.002720 293.150000 1.201744 1.000000 0.000000 
0.000000 0.002680 293.150000 1.210819 1.000000 0.000000 
0.000000 0.002640 293.150000 1.219761 1.000000 0.000000 
0.000000 0.002600 293.150000 1.228567 1.000000 0.000000 
0.000000 0.002560 293.150000 1.237240 1.000000 0.000000 
0.000000 0.002520 293.150000 1.245777 1.000000 0.000000 
0.000000 0.002480 293.150000 1.254181 1.000000 0.000000 
0.000000 0.002440 293.150000 1.262450 1.000000 0.000000 
0.000000 0.002400 293.150000 1.270584 1.000000 0.000000 
0.000000 0.002360 293.150000 1.278584 1.000000 0.000000 
0.000000 0.002320 293.150000 1.286449 1.000000 0.000000 
0.000000 0.002280 293.150000 1.294181 1.000000 0.000000 
0.000000 0.002240 293.150000 1.301777 1.000000 0.000000 
0.000000 0.002200 293.150000 1.309239 1.000000 0.000000 
0.000000 0.002160 293.150000 1.316567 1.000000 0.000000 
0.000000 0.002120 293.150000 1.323760 1.000000 0.000000 
0.000000 0.002080 293.150000 1.330819 1.000000 0.000000 
0.000000 0.002040 293.150000 1.337743 1.000000 0.000000 
0.000000 0.002000 293.150000 1.344533 1.000000 0.000000 
0.000000 0.001960 293.150000 1.351189 1.000000 0.000000 
0.000000 0.001920 293.150000 1.357710 1.000000 0.000000 
0.000000 0.001880 293.150000 1.364096 1.000000 0.000000 
0.000000 0.001840 293.150000 1.370348 1.000000 0.000000 
0.000000 0.001800 293.150000 1.376466 1.000000 0.000000 
0.000000 0.001760 293.150000 1.382449 1.000000 0.000000 
0.000000 0.001720 293.150000 1.388298 1.000000 0.000000 
0.000000 0.001680 293.150000 1.394012 1.000000 0.000000 
0.000000 0.001640 293.150000 1.399592 1.000000 0.000000 
0.000000 0.001600 293.150000 1.405037 1.000000 0.000000 
0.000000 0.001560 293.150000 1.410348 1.000000 0.000000 
0.000000 0.001520 293.150000 1.415525 1.000000 0.000000 
0.000000 0.001480 293.150000 1.420567 1.000000 0.000000 
0.000000 0.001440 293.150000 1.425474 1.000000 0.000000 
0.000000 0.001400 293.150000 1.430247 1.000000 0.000000 
0.000000 0.001360 293.150000 1.434886 1.000000 0.000000 
0.000000 0.001320 293.150000 1.439390 1.000000 0.000000 
0.000000 0.001280 293.150000 1.443760 1.000000 0.000000 
0.000000 0.001240 293.150000 1.447995 1.000000 0.000000 
0.000000 0.001200 293.150000 1.452096 1.000000 0.000000 
0.000000 0.001160 293.150000 1.456062 1.000000 0.000000 
0.000000 0.001120 293.150000 1.459894 1.000000 0.000000 
0.000000 0.001080 293.150000 1.463592 1.000000 0.000000 
0.000000 0.001040 293.150000 1.467155 1.000000 0.000000 
0.000000 0.001000 293.150000 1.470583 1.000000 0.000000 
0.000000 0.000960 293.150000 1.473877 1.000000 0.000000 
0.000000 0.000920 293.150000 1.477037 1.000000 0.000000 
0.000000 0.000880 293.150000 1.480062 1.000000 0.000000 
0.000000 0.000840 293.150000 1.482953 1.000000 0.000000 
0.000000 0.000800 293.150000 1.485709 1.000000 0.000000 
0.000000 0.000760 293.150000 1.488331 1.000000 0.000000 
0.000000 0.000720 293.150000 1.490819 1.000000 0.000000 
0.000000 0.000680 293.150000 1.493171 1.000000 0.000000 
0.000000 0.000640 293.150000 1.495390 1.000000 0.000000 
0.000000 0.000600 293.150000 1.497474 1.000000 0.000000 
0.000000 0.000560 293.150000 1.499424 1.000000 0.000000 
0.000000 0.000520 293.150000 1.501239 1.000000 0.000000 
0.000000 0.000480 293.150000 1.502919 1.000000 0.000000 
0.000000 0.000440 293.150000 1.504466 1.000000 0.000000 
0.000000 0.000400 293.150000 1.505877 1.000000 0.000000 
0.000000 0.000360 293.150000 1.507155 1.000000 0.000000 
0.000000 0.000320 293.150000 1.508297 1.000000 0.000000 
0.000000 0.000280 293.150000 1.509306 1.000000 0.000000 
0.000000 0.000240 293.150000 1.510180 1.000000 0.000000 
0.000000 0.000200 293.150000 1.510919 1.000000 0.000000 
0.000000 0.000160 293.150000 1.511524 1.000000 0.000000 
0.000000 0.000120 293.150000 1.511995 1.000000 0.000000 
0.000000 0.000080 293.150000 1.512331 1.000000 0.000000 
0.000000 0.000040 293.150000 1.512533 1.000000 0.000000 
0.000000 0.000000 293.150000 1.512600 1.000000 0.000000 
