NMARK= 1
MARKER_TAG= inlet
NROW=121
NCOL=6
0.000000000000000e+00	6.000000052154064e-03	0.000000000000000e+00	0.000000000000000e+00	0.000000000000000e+00	0.000000000000000e+00	
0.000000000000000e+00	5.951856728643179e-03	0.000000000000000e+00	0.000000000000000e+00	0.000000000000000e+00	0.000000000000000e+00	
0.000000000000000e+00	5.903753917664289e-03	0.000000000000000e+00	0.000000000000000e+00	0.000000000000000e+00	0.000000000000000e+00	
0.000000000000000e+00	5.855653434991837e-03	0.000000000000000e+00	0.000000000000000e+00	0.000000000000000e+00	0.000000000000000e+00	
0.000000000000000e+00	5.807552952319384e-03	0.000000000000000e+00	0.000000000000000e+00	0.000000000000000e+00	0.000000000000000e+00	
0.000000000000000e+00	5.759452469646931e-03	0.000000000000000e+00	0.000000000000000e+00	0.000000000000000e+00	0.000000000000000e+00	
0.000000000000000e+00	5.711351521313190e-03	0.000000000000000e+00	0.000000000000000e+00	0.000000000000000e+00	0.000000000000000e+00	
0.000000000000000e+00	5.663251038640738e-03	0.000000000000000e+00	0.000000000000000e+00	0.000000000000000e+00	0.000000000000000e+00	
0.000000000000000e+00	5.615150555968285e-03	0.000000000000000e+00	0.000000000000000e+00	0.000000000000000e+00	0.000000000000000e+00	
0.000000000000000e+00	5.567050073295832e-03	0.000000000000000e+00	0.000000000000000e+00	0.000000000000000e+00	0.000000000000000e+00	
0.000000000000000e+00	5.518949124962091e-03	0.000000000000000e+00	0.000000000000000e+00	0.000000000000000e+00	0.000000000000000e+00	
0.000000000000000e+00	5.470848642289639e-03	0.000000000000000e+00	0.000000000000000e+00	0.000000000000000e+00	0.000000000000000e+00	
0.000000000000000e+00	5.422748159617186e-03	0.000000000000000e+00	0.000000000000000e+00	0.000000000000000e+00	0.000000000000000e+00	
0.000000000000000e+00	5.374647676944733e-03	0.000000000000000e+00	0.000000000000000e+00	0.000000000000000e+00	0.000000000000000e+00	
0.000000000000000e+00	5.326546728610992e-03	0.000000000000000e+00	0.000000000000000e+00	0.000000000000000e+00	0.000000000000000e+00	
0.000000000000000e+00	5.278446245938540e-03	0.000000000000000e+00	0.000000000000000e+00	0.000000000000000e+00	0.000000000000000e+00	
0.000000000000000e+00	5.230345763266087e-03	0.000000000000000e+00	0.000000000000000e+00	0.000000000000000e+00	0.000000000000000e+00	
0.000000000000000e+00	5.182245280593634e-03	0.000000000000000e+00	0.000000000000000e+00	0.000000000000000e+00	0.000000000000000e+00	
0.000000000000000e+00	5.134144332259893e-03	0.000000000000000e+00	0.000000000000000e+00	0.000000000000000e+00	0.000000000000000e+00	
0.000000000000000e+00	5.086043849587440e-03	0.000000000000000e+00	0.000000000000000e+00	0.000000000000000e+00	0.000000000000000e+00	
0.000000000000000e+00	5.037943366914988e-03	0.000000000000000e+00	0.000000000000000e+00	0.000000000000000e+00	0.000000000000000e+00	
0.000000000000000e+00	4.989842884242535e-03	0.000000000000000e+00	0.000000000000000e+00	0.000000000000000e+00	0.000000000000000e+00	
0.000000000000000e+00	4.941741935908794e-03	0.000000000000000e+00	0.000000000000000e+00	0.000000000000000e+00	0.000000000000000e+00	
0.000000000000000e+00	4.893641453236341e-03	0.000000000000000e+00	0.000000000000000e+00	0.000000000000000e+00	0.000000000000000e+00	
0.000000000000000e+00	4.845540970563889e-03	0.000000000000000e+00	0.000000000000000e+00	0.000000000000000e+00	0.000000000000000e+00	
0.000000000000000e+00	4.797440487891436e-03	0.000000000000000e+00	0.000000000000000e+00	0.000000000000000e+00	0.000000000000000e+00	
0.000000000000000e+00	4.749340005218983e-03	0.000000000000000e+00	0.000000000000000e+00	0.000000000000000e+00	0.000000000000000e+00	
0.000000000000000e+00	4.701239056885242e-03	0.000000000000000e+00	0.000000000000000e+00	0.000000000000000e+00	0.000000000000000e+00	
0.000000000000000e+00	4.653138574212790e-03	0.000000000000000e+00	0.000000000000000e+00	0.000000000000000e+00	0.000000000000000e+00	
0.000000000000000e+00	4.605038091540337e-03	0.000000000000000e+00	0.000000000000000e+00	0.000000000000000e+00	0.000000000000000e+00	
0.000000000000000e+00	4.556937608867884e-03	0.000000000000000e+00	0.000000000000000e+00	0.000000000000000e+00	0.000000000000000e+00	
0.000000000000000e+00	4.508836660534143e-03	0.000000000000000e+00	0.000000000000000e+00	0.000000000000000e+00	0.000000000000000e+00	
0.000000000000000e+00	4.460736177861691e-03	0.000000000000000e+00	0.000000000000000e+00	0.000000000000000e+00	0.000000000000000e+00	
0.000000000000000e+00	4.412635695189238e-03	0.000000000000000e+00	0.000000000000000e+00	0.000000000000000e+00	0.000000000000000e+00	
0.000000000000000e+00	4.364535212516785e-03	0.000000000000000e+00	0.000000000000000e+00	0.000000000000000e+00	0.000000000000000e+00	
0.000000000000000e+00	4.316434264183044e-03	0.000000000000000e+00	0.000000000000000e+00	0.000000000000000e+00	0.000000000000000e+00	
0.000000000000000e+00	4.268333781510592e-03	0.000000000000000e+00	0.000000000000000e+00	0.000000000000000e+00	0.000000000000000e+00	
0.000000000000000e+00	4.220233298838139e-03	0.000000000000000e+00	0.000000000000000e+00	0.000000000000000e+00	0.000000000000000e+00	
0.000000000000000e+00	4.172132816165686e-03	0.000000000000000e+00	0.000000000000000e+00	0.000000000000000e+00	0.000000000000000e+00	
0.000000000000000e+00	4.124031867831945e-03	0.000000000000000e+00	0.000000000000000e+00	0.000000000000000e+00	0.000000000000000e+00	
0.000000000000000e+00	4.075931385159492e-03	0.000000000000000e+00	0.000000000000000e+00	0.000000000000000e+00	0.000000000000000e+00	
0.000000000000000e+00	4.027830902487040e-03	0.000000000000000e+00	0.000000000000000e+00	0.000000000000000e+00	0.000000000000000e+00	
0.000000000000000e+00	3.979730419814587e-03	0.000000000000000e+00	0.000000000000000e+00	0.000000000000000e+00	0.000000000000000e+00	
0.000000000000000e+00	3.931629471480846e-03	0.000000000000000e+00	0.000000000000000e+00	0.000000000000000e+00	0.000000000000000e+00	
0.000000000000000e+00	3.883528988808393e-03	0.000000000000000e+00	0.000000000000000e+00	0.000000000000000e+00	0.000000000000000e+00	
0.000000000000000e+00	3.835428506135941e-03	0.000000000000000e+00	0.000000000000000e+00	0.000000000000000e+00	0.000000000000000e+00	
0.000000000000000e+00	3.787327790632844e-03	0.000000000000000e+00	0.000000000000000e+00	0.000000000000000e+00	0.000000000000000e+00	
0.000000000000000e+00	3.739227307960391e-03	0.000000000000000e+00	0.000000000000000e+00	0.000000000000000e+00	0.000000000000000e+00	
0.000000000000000e+00	3.691126592457294e-03	0.000000000000000e+00	0.000000000000000e+00	0.000000000000000e+00	0.000000000000000e+00	
0.000000000000000e+00	3.643026109784842e-03	0.000000000000000e+00	0.000000000000000e+00	0.000000000000000e+00	0.000000000000000e+00	
0.000000000000000e+00	3.594925394281745e-03	0.000000000000000e+00	0.000000000000000e+00	0.000000000000000e+00	0.000000000000000e+00	
0.000000000000000e+00	3.546824911609292e-03	0.000000000000000e+00	0.000000000000000e+00	0.000000000000000e+00	0.000000000000000e+00	
0.000000000000000e+00	3.498724196106195e-03	0.000000000000000e+00	0.000000000000000e+00	0.000000000000000e+00	0.000000000000000e+00	
0.000000000000000e+00	3.450623713433743e-03	0.000000000000000e+00	0.000000000000000e+00	0.000000000000000e+00	0.000000000000000e+00	
0.000000000000000e+00	3.402523230761290e-03	0.000000000000000e+00	0.000000000000000e+00	0.000000000000000e+00	0.000000000000000e+00	
0.000000000000000e+00	3.354422515258193e-03	0.000000000000000e+00	0.000000000000000e+00	0.000000000000000e+00	0.000000000000000e+00	
0.000000000000000e+00	3.306322032585740e-03	0.000000000000000e+00	0.000000000000000e+00	0.000000000000000e+00	0.000000000000000e+00	
0.000000000000000e+00	3.258221317082644e-03	0.000000000000000e+00	0.000000000000000e+00	0.000000000000000e+00	0.000000000000000e+00	
0.000000000000000e+00	3.210120834410191e-03	0.000000000000000e+00	0.000000000000000e+00	0.000000000000000e+00	0.000000000000000e+00	
0.000000000000000e+00	3.162020118907094e-03	0.000000000000000e+00	0.000000000000000e+00	0.000000000000000e+00	0.000000000000000e+00	
0.000000000000000e+00	3.113919636234641e-03	0.000000000000000e+00	0.000000000000000e+00	0.000000000000000e+00	0.000000000000000e+00	
0.000000000000000e+00	3.065818920731544e-03	0.000000000000000e+00	0.000000000000000e+00	0.000000000000000e+00	0.000000000000000e+00	
0.000000000000000e+00	3.017718438059092e-03	0.000000000000000e+00	0.000000000000000e+00	0.000000000000000e+00	0.000000000000000e+00	
0.000000000000000e+00	2.969617722555995e-03	0.000000000000000e+00	0.000000000000000e+00	0.000000000000000e+00	0.000000000000000e+00	
0.000000000000000e+00	2.921517239883542e-03	0.000000000000000e+00	0.000000000000000e+00	0.000000000000000e+00	0.000000000000000e+00	
0.000000000000000e+00	2.873416524380445e-03	0.000000000000000e+00	0.000000000000000e+00	0.000000000000000e+00	0.000000000000000e+00	
0.000000000000000e+00	2.825316041707993e-03	0.000000000000000e+00	0.000000000000000e+00	0.000000000000000e+00	0.000000000000000e+00	
0.000000000000000e+00	2.777215326204896e-03	0.000000000000000e+00	0.000000000000000e+00	0.000000000000000e+00	0.000000000000000e+00	
0.000000000000000e+00	2.729114843532443e-03	0.000000000000000e+00	0.000000000000000e+00	0.000000000000000e+00	0.000000000000000e+00	
0.000000000000000e+00	2.681014128029346e-03	0.000000000000000e+00	0.000000000000000e+00	0.000000000000000e+00	0.000000000000000e+00	
0.000000000000000e+00	2.632913645356894e-03	0.000000000000000e+00	0.000000000000000e+00	0.000000000000000e+00	0.000000000000000e+00	
0.000000000000000e+00	2.584812929853797e-03	0.000000000000000e+00	0.000000000000000e+00	0.000000000000000e+00	0.000000000000000e+00	
0.000000000000000e+00	2.536712447181344e-03	0.000000000000000e+00	0.000000000000000e+00	0.000000000000000e+00	0.000000000000000e+00	
0.000000000000000e+00	2.488611731678247e-03	0.000000000000000e+00	0.000000000000000e+00	0.000000000000000e+00	0.000000000000000e+00	
0.000000000000000e+00	2.440511249005795e-03	0.000000000000000e+00	0.000000000000000e+00	0.000000000000000e+00	0.000000000000000e+00	
0.000000000000000e+00	2.392410533502698e-03	0.000000000000000e+00	0.000000000000000e+00	0.000000000000000e+00	0.000000000000000e+00	
0.000000000000000e+00	2.344310050830245e-03	0.000000000000000e+00	0.000000000000000e+00	0.000000000000000e+00	0.000000000000000e+00	
0.000000000000000e+00	2.296209335327148e-03	0.000000000000000e+00	0.000000000000000e+00	0.000000000000000e+00	0.000000000000000e+00	
0.000000000000000e+00	2.248108852654696e-03	0.000000000000000e+00	0.000000000000000e+00	0.000000000000000e+00	0.000000000000000e+00	
0.000000000000000e+00	2.200008137151599e-03	0.000000000000000e+00	0.000000000000000e+00	0.000000000000000e+00	0.000000000000000e+00	
0.000000000000000e+00	2.151907654479146e-03	0.000000000000000e+00	0.000000000000000e+00	0.000000000000000e+00	0.000000000000000e+00	
0.000000000000000e+00	2.103806938976049e-03	0.000000000000000e+00	0.000000000000000e+00	0.000000000000000e+00	0.000000000000000e+00	
0.000000000000000e+00	2.055706456303596e-03	0.000000000000000e+00	0.000000000000000e+00	0.000000000000000e+00	0.000000000000000e+00	
0.000000000000000e+00	2.007605740800500e-03	0.000000000000000e+00	0.000000000000000e+00	0.000000000000000e+00	0.000000000000000e+00	
0.000000000000000e+00	1.959505258128047e-03	0.000000000000000e+00	0.000000000000000e+00	0.000000000000000e+00	0.000000000000000e+00	
0.000000000000000e+00	1.911404659040272e-03	0.000000000000000e+00	0.000000000000000e+00	0.000000000000000e+00	0.000000000000000e+00	
0.000000000000000e+00	1.863304059952497e-03	0.000000000000000e+00	0.000000000000000e+00	0.000000000000000e+00	0.000000000000000e+00	
0.000000000000000e+00	1.815203460864723e-03	0.000000000000000e+00	0.000000000000000e+00	0.000000000000000e+00	0.000000000000000e+00	
0.000000000000000e+00	1.767102861776948e-03	0.000000000000000e+00	0.000000000000000e+00	0.000000000000000e+00	0.000000000000000e+00	
0.000000000000000e+00	1.719002262689173e-03	0.000000000000000e+00	0.000000000000000e+00	0.000000000000000e+00	0.000000000000000e+00	
0.000000000000000e+00	1.670901663601398e-03	0.000000000000000e+00	0.000000000000000e+00	0.000000000000000e+00	0.000000000000000e+00	
0.000000000000000e+00	1.622801064513624e-03	0.000000000000000e+00	0.000000000000000e+00	0.000000000000000e+00	0.000000000000000e+00	
0.000000000000000e+00	1.574700465425849e-03	0.000000000000000e+00	0.000000000000000e+00	0.000000000000000e+00	0.000000000000000e+00	
0.000000000000000e+00	1.526599866338074e-03	0.000000000000000e+00	0.000000000000000e+00	0.000000000000000e+00	0.000000000000000e+00	
0.000000000000000e+00	1.478499267250299e-03	0.000000000000000e+00	0.000000000000000e+00	0.000000000000000e+00	0.000000000000000e+00	
0.000000000000000e+00	1.430398668162525e-03	0.000000000000000e+00	0.000000000000000e+00	0.000000000000000e+00	0.000000000000000e+00	
0.000000000000000e+00	1.382298069074750e-03	0.000000000000000e+00	0.000000000000000e+00	0.000000000000000e+00	0.000000000000000e+00	
0.000000000000000e+00	1.334197469986975e-03	0.000000000000000e+00	0.000000000000000e+00	0.000000000000000e+00	0.000000000000000e+00	
0.000000000000000e+00	1.286096870899200e-03	0.000000000000000e+00	0.000000000000000e+00	0.000000000000000e+00	0.000000000000000e+00	
0.000000000000000e+00	1.237996271811426e-03	0.000000000000000e+00	0.000000000000000e+00	0.000000000000000e+00	0.000000000000000e+00	
0.000000000000000e+00	1.189895789138973e-03	0.000000000000000e+00	0.000000000000000e+00	0.000000000000000e+00	0.000000000000000e+00	
0.000000000000000e+00	1.141795190051198e-03	0.000000000000000e+00	0.000000000000000e+00	0.000000000000000e+00	0.000000000000000e+00	
0.000000000000000e+00	1.093694590963423e-03	0.000000000000000e+00	0.000000000000000e+00	0.000000000000000e+00	0.000000000000000e+00	
0.000000000000000e+00	1.045593991875648e-03	0.000000000000000e+00	0.000000000000000e+00	0.000000000000000e+00	0.000000000000000e+00	
0.000000000000000e+00	9.974933927878737e-04	0.000000000000000e+00	0.000000000000000e+00	0.000000000000000e+00	0.000000000000000e+00	
0.000000000000000e+00	9.493927354924381e-04	0.000000000000000e+00	0.000000000000000e+00	0.000000000000000e+00	0.000000000000000e+00	
0.000000000000000e+00	9.012921364046633e-04	0.000000000000000e+00	0.000000000000000e+00	0.000000000000000e+00	0.000000000000000e+00	
0.000000000000000e+00	8.531915373168886e-04	0.000000000000000e+00	0.000000000000000e+00	0.000000000000000e+00	0.000000000000000e+00	
0.000000000000000e+00	8.050909964367747e-04	0.000000000000000e+00	0.000000000000000e+00	0.000000000000000e+00	0.000000000000000e+00	
0.000000000000000e+00	7.569903973490000e-04	0.000000000000000e+00	0.000000000000000e+00	0.000000000000000e+00	0.000000000000000e+00	
0.000000000000000e+00	7.088897982612252e-04	0.000000000000000e+00	0.000000000000000e+00	0.000000000000000e+00	0.000000000000000e+00	
0.000000000000000e+00	6.607891991734505e-04	0.000000000000000e+00	0.000000000000000e+00	0.000000000000000e+00	0.000000000000000e+00	
0.000000000000000e+00	6.126886000856757e-04	0.000000000000000e+00	0.000000000000000e+00	0.000000000000000e+00	0.000000000000000e+00	
0.000000000000000e+00	5.645500496029854e-04	0.000000000000000e+00	0.000000000000000e+00	0.000000000000000e+00	0.000000000000000e+00	
0.000000000000000e+00	5.153932143002748e-04	0.000000000000000e+00	0.000000000000000e+00	0.000000000000000e+00	0.000000000000000e+00	
0.000000000000000e+00	4.620371328201145e-04	0.000000000000000e+00	0.000000000000000e+00	0.000000000000000e+00	0.000000000000000e+00	
0.000000000000000e+00	4.008476098533720e-04	0.000000000000000e+00	0.000000000000000e+00	0.000000000000000e+00	0.000000000000000e+00	
0.000000000000000e+00	3.270382003393024e-04	0.000000000000000e+00	0.000000000000000e+00	0.000000000000000e+00	0.000000000000000e+00	
0.000000000000000e+00	2.376657939748839e-04	0.000000000000000e+00	0.000000000000000e+00	0.000000000000000e+00	0.000000000000000e+00	
0.000000000000000e+00	1.295240654144436e-04	0.000000000000000e+00	0.000000000000000e+00	0.000000000000000e+00	0.000000000000000e+00	
0.000000000000000e+00	0.000000000000000e+00	0.000000000000000e+00	0.000000000000000e+00	0.000000000000000e+00	0.000000000000000e+00	
